3.702939483544307, 2.6580600353258834, 2.2936641755837375, 2.1292545017462796, 1.9013562524439673, 1.7466945876189268, 1.478796413035992, 1.4481212474888512, 1.2797946524191983, 1.1757960945809847, 1.0398211508035473, 0.9491440614250654, 0.8431719714640454, 0.8564380778640998, 0.7430593956735896, 0.7879757528701488, 0.7365674954852864, 0.46035190144151006, 0.7089469334420332, 0.41435633351987083, 0.7624196950622502, 0.47543549100278787, 0.6684767994724337, 0.41609835517676336, 0.3632641534475867
2.833799952722325, 2.4947291099955375, 2.516862537307094, 2.8892449684242343, 2.123554165206641, 1.6709188307425227, 2.023968925472972, 1.4705369511283521, 1.7156930701951354, 1.1758684944470517, 1.0786431011008843, 1.2627723319389328, 0.7077161707347605, 0.6859940803120799, 1.3569018513487776, 0.8442031496053558, 0.45953292201382817, 0.7697379848130275, 0.4871365458219177, 1.307955924690584, 0.36701711184340946, 0.9764064793549502, 0.6523350726573127, 0.3287586024153442, 0.4749702049216901
0.22482435597189696, 0.4067135050741608, 0.48711943793911006, 0.5331772053083529, 0.5768930523028883, 0.6167056986729118, 0.6926229508196722, 0.6947697111631538, 0.7281420765027322, 0.7644418423106948, 0.7983996877439501, 0.8204527712724434, 0.8588992974238876, 0.8549960967993755, 0.8760733801717409, 0.8795862607338018, 0.8877829820452772, 0.954527712724434, 0.8815378610460578, 0.9623341139734582, 0.8887587822014051, 0.9432084309133489, 0.9094457455113193, 0.9605776736924277, 0.9715066354410616
0.407612231620039, 0.5081327260897853, 0.533181522446324, 0.4700715679895901, 0.5585556278464542, 0.6554977228366948, 0.5504229017566689, 0.690305790500976, 0.7121014964216005, 0.7680546519193233, 0.7592713077423552, 0.7677293428757319, 0.8796356538711776, 0.8945998698763825, 0.8148991541964866, 0.8932986337020169, 0.9580351333767079, 0.8614183474300585, 0.9427456083279115, 0.8780091086532206, 0.9749512036434613, 0.8776837996096292, 0.8858165256994145, 0.9837345478204295, 0.9466493168510085
3.6735055347981627, 2.607651933480947, 2.2734713919175777, 2.0967512385720486, 1.7913904277539459, 1.6403258428454492, 1.5141592857243957, 1.464404808832834, 1.30011678030489, 1.2363883952532402, 1.051347241933973, 0.9425636968232988, 0.9741155033833715, 0.8422799120649148, 0.7521624264076853, 0.7027141512324343, 0.7799371010060425, 0.6162304360358442, 0.7586299074896605, 0.45357906569455586, 0.6455603364759084, 0.40574679516145346, 0.4945504036059517, 0.7102250982596482, 0.3707775127645771
2.9615627248797542, 2.483344796189412, 2.303601697038813, 1.97327464667713, 1.834036914186968, 1.9031645607157195, 1.9318678534566076, 2.0083785883854484, 1.2564670827843263, 1.1048437727296516, 1.0406170151570282, 2.1143534790019207, 1.1094598032548666, 1.0510593458050324, 0.5306292599722714, 1.2236246061387122, 0.4926933780380403, 0.999549563356088, 0.5262191483318301, 0.402145134972223, 0.4263825637416244, 0.3819711408835382, 0.33687319614783306, 0.49044549108404734, 0.35731436904561
0.25507416081186574, 0.4371584699453552, 0.5013661202185792, 0.5202966432474629, 0.5911397345823576, 0.6442232630757221, 0.6656908665105387, 0.6809133489461359, 0.7101873536299765, 0.7365339578454333, 0.7847384855581577, 0.8274785323965652, 0.8145979703356753, 0.8518735362997658, 0.868071818891491, 0.8920765027322405, 0.8637782982045277, 0.9067135050741608, 0.8809523809523809, 0.9492583918813428, 0.9030054644808743, 0.9613583138173302, 0.9295472287275566, 0.8889539422326308, 0.9666276346604216
0.3292127521145088, 0.4661678594664932, 0.5247234873129473, 0.590110605074821, 0.5943396226415094, 0.5744957709824333, 0.6506180871828237, 0.4716981132075472, 0.7426805465191932, 0.7657774886141835, 0.7635003253090435, 0.4892648015614834, 0.7475601821730644, 0.7683799609629147, 0.9378659726740404, 0.7208848405985686, 0.9482758620689655, 0.8422251138581652, 0.9238776837996097, 0.9635653871177619, 0.9541314248536109, 0.9570592062459337, 0.973975276512687, 0.9147690305790501, 0.9603122966818478
3.6217270774081944, 2.8126164582629953, 2.322264992195028, 2.1210642282521697, 1.786103755863824, 1.6917561550423281, 1.691970372460579, 1.3369845064890562, 1.3163518141620705, 1.1724359080905007, 1.2226769908343693, 0.9404147036553918, 0.9213704769728613, 0.942148568479462, 0.7967491013104798, 0.6605855476846926, 0.7670393003140642, 0.5817104728309369, 0.6511652846526206, 0.7614619146558477, 0.49195768077516816, 0.6294058228171867, 0.4432533722106225, 0.7688722973871194, 0.38650404934674665
3.9893180798150225, 2.8298812421328385, 2.369878182259177, 1.9765989853332162, 1.9523262074804957, 1.9844525448284758, 1.6189367539245119, 1.822279752037629, 2.008751048736163, 2.0933495777802724, 1.2792675109675897, 0.8369465025896831, 1.2125137575508793, 0.9561823464556801, 0.8012615380616024, 1.028520172109213, 0.6641405854778936, 0.9458847386385608, 0.8369060559325506, 0.7803970451043191, 0.3845924487459869, 0.4201723194657477, 0.697624008183985, 0.43351870546421606, 0.4428488487885537
0.26990632318501173, 0.4389149102263856, 0.5130757220921155, 0.5310304449648712, 0.610655737704918, 0.6336846213895394, 0.6405152224824356, 0.7418032786885246, 0.7439500390320063, 0.7982045277127244, 0.782591725214676, 0.8450429352068697, 0.8471896955503513, 0.8387978142076503, 0.8676814988290398, 0.9078844652615145, 0.8832943013270882, 0.9238875878220141, 0.907103825136612, 0.8953942232630757, 0.9478922716627635, 0.9088602654176424, 0.9537470725995316, 0.8729508196721312, 0.9654566744730679
0.4147690305790501, 0.488939492517892, 0.5152895250487963, 0.5520494469746259, 0.5465191932335719, 0.627195836044242, 0.6675341574495771, 0.6834743005855562, 0.6802212101496422, 0.6733897202342225, 0.8083929733246584, 0.8698763825634352, 0.8074170461938842, 0.8090435914118412, 0.8653220559531555, 0.8334417696811971, 0.8991541964866623, 0.8305139882888745, 0.9339622641509434, 0.8571893298633702, 0.9703968770331816, 0.9674690956408588, 0.9333116460637606, 0.9599869876382563, 0.9560832791151594
3.755360497058508, 2.728009412290527, 2.4334703020338524, 2.1946019251582958, 1.940818118267372, 1.7316768940866785, 1.5716235906606908, 1.4680961989314179, 1.2386586526517847, 1.3834623429665427, 1.0383249546381572, 1.0923865165308433, 0.8924661447627762, 0.847758938357013, 0.8781020761606378, 0.6623846378110518, 0.7796883038670452, 0.7162096100240644, 0.6478798959889884, 0.5182815020573874, 0.6657369410405394, 0.40581297190462956, 0.8433347247151264, 0.4496628211681774, 0.39119554326740863
2.967432462789055, 2.6586198155261047, 2.7387035516616036, 2.2770691641600935, 1.871206151174894, 1.8680251849961886, 1.5504219397059027, 1.2848271977692047, 1.8190757479075108, 1.1215445147603071, 1.8828452945763832, 0.9270216930044418, 1.0801242186446118, 0.7753709968065549, 0.8618175669893787, 0.7227249238579476, 0.882408487075478, 1.1819572060156271, 0.5465015012215855, 0.8712852761081542, 0.4022461534632284, 2.1101548506714107, 0.4395839433702619, 0.44957853100403766, 0.5677902923440034
0.20901639344262296, 0.38953942232630756, 0.4539422326307572, 0.4919984387197502, 0.529664324746292, 0.5981654957064794, 0.6520296643247463, 0.6826697892271663, 0.7474629195940672, 0.7177985948477752, 0.8073770491803278, 0.795472287275566, 0.8366510538641686, 0.8583138173302107, 0.8497267759562842, 0.9170569867291178, 0.8711943793911007, 0.8889539422326308, 0.9084699453551912, 0.9361826697892272, 0.8909055425448869, 0.9621389539422326, 0.8834894613583139, 0.9476971116315379, 0.9564793130366901
0.25731945348080676, 0.4720234222511386, 0.391021470396877, 0.4261548471047495, 0.5461938841899805, 0.5777488614183475, 0.6470396877033181, 0.6896551724137931, 0.596291476903058, 0.8249837345478205, 0.6467143786597267, 0.8477553675992192, 0.7687052700065062, 0.9141184124918673, 0.9014313597918022, 0.8734547820429408, 0.874430709173715, 0.7602472348731295, 0.9300585556278465, 0.8070917371502928, 0.9619388418998048, 0.7687052700065062, 0.9599869876382563, 0.929733246584255, 0.9079375406636304
3.7973415553802443, 2.7899148121743718, 2.458259193530593, 2.242452230051474, 1.8808951847819404, 1.6943406495705515, 1.7638720815578166, 1.3786025020314976, 1.4353200079034214, 1.2194597561968015, 1.1751562984170252, 0.8713731621504761, 1.1407896226314154, 0.8318711282172118, 0.7481331853639512, 0.8101358807338206, 0.7439175455436216, 0.7671106429327101, 0.5502108975744732, 0.4642508617608832, 0.6374553706523127, 0.5550438293156262, 0.469184094811677, 0.3858697217577235, 0.7867896494504346
3.422878644337651, 2.9101016854960653, 2.6539709270194356, 2.0870195372041045, 1.837550080745501, 2.119163476808085, 1.3229008418209147, 2.1745861233948265, 1.4091783323765732, 1.734983500483444, 1.0001897397720745, 1.1695659532900669, 0.9975440170211146, 0.7576162365247618, 0.7523256102086044, 1.0694410451527299, 0.44884074354761205, 0.825244928499903, 0.4134137939344231, 0.478620188997873, 0.3938178304115052, 0.5292479800340334, 0.3798427238973147, 0.3508853584857598, 0.3629949567142678
0.20745511319281812, 0.39344262295081966, 0.4447697111631538, 0.5025370804059328, 0.5718188914910226, 0.62743950039032, 0.6133879781420765, 0.7140905542544886, 0.7072599531615925, 0.7687353629976581, 0.7771272443403591, 0.8604605776736924, 0.8112802498048399, 0.8676814988290398, 0.884855581576893, 0.8870023419203747, 0.8834894613583139, 0.8797814207650273, 0.9359875097580016, 0.9500390320062451, 0.90807962529274, 0.9207650273224044, 0.9508196721311475, 0.96935987509758, 0.87256049960968
0.20722186076772933, 0.32075471698113206, 0.3796356538711776, 0.4007807417046194, 0.5823031880286272, 0.5520494469746259, 0.7215354586857514, 0.5936890045543266, 0.6307742355237476, 0.6763175016265452, 0.8214053350683149, 0.8162003903708523, 0.8500325309043592, 0.8890696161353285, 0.9027325959661678, 0.8181522446324008, 0.9681197137280416, 0.8825634352635003, 0.9690956408588158, 0.9385165907612232, 0.9700715679895902, 0.9216005204944697, 0.9716981132075472, 0.973975276512687, 0.9720234222511386
3.7452654451434264, 2.623122708300517, 2.3789703684054158, 2.1096610827524156, 1.956457482754114, 1.7254430406452808, 1.5444319718150215, 1.5479297449959153, 1.248997905587517, 1.218570643761119, 1.0598934980038086, 1.0188653691498029, 1.1107638446173567, 0.7721592325144313, 0.8537677069086288, 0.7790095609068219, 0.5455566830787688, 0.723413724367922, 0.5047712185297228, 0.7274854571255365, 0.43735378305954825, 0.792302589319722, 0.37841073913931567, 0.6420974402945084, 0.3647285753586253
2.9313668565619824, 2.800455856106075, 2.790873888489792, 2.7694278863163526, 2.392725562692542, 1.7937648829579276, 2.356998872819006, 1.5019308656706156, 1.78889961679337, 1.3627286993146486, 1.1087859603555155, 2.6199271754933084, 0.9497875878775205, 1.064786135917681, 0.6580164387540998, 0.5197725354190298, 0.6452043477637316, 0.8390220817064572, 0.627791337479844, 0.5281522742090243, 1.0739355411479903, 0.49805803027878975, 0.36583719006512333, 0.4765000772228005, 0.3772076881001658
0.21272443403590943, 0.4172521467603435, 0.4527712724434036, 0.5257611241217799, 0.5320062451209993, 0.5997267759562842, 0.6576893052302888, 0.6742779078844653, 0.7300936768149883, 0.7418032786885246, 0.7927400468384075, 0.8040593286494926, 0.8231850117096019, 0.8674863387978142, 0.8682669789227166, 0.8801717408274785, 0.9236924277907884, 0.8778298204527712, 0.9354020296643247, 0.8840749414519906, 0.9533567525370804, 0.8686572989851679, 0.9646760343481655, 0.8928571428571429, 0.9648711943793911
0.2937540663630449, 0.4424202992843201, 0.372804163955758, 0.328562134027326, 0.5191932335718933, 0.603448275862069, 0.47722836694860116, 0.6337020169160703, 0.6067013662979831, 0.730644111906311, 0.8178269355888094, 0.6997397527651269, 0.7771633051398829, 0.8422251138581652, 0.9089134677944047, 0.9450227716330514, 0.894925178919974, 0.8581652569941445, 0.9089134677944047, 0.9456733897202342, 0.8005855562784645, 0.9404684450227716, 0.9586857514638907, 0.9268054651919323, 0.9508783344176968
3.888295040011499, 2.8152622441404227, 2.407711500864677, 2.1439022310630684, 2.2032275951811338, 1.8168381490714842, 1.636067620857352, 1.4159971975331005, 1.38045692583437, 1.3306375052387318, 0.9669199825542966, 1.114236412664394, 1.0901135110371192, 0.7844455866586595, 0.945215674418197, 0.5907685741328523, 0.7252260990946857, 0.8441450224082792, 0.5875446474896475, 0.6370015201579771, 0.44694428900831107, 0.7818880337090534, 0.5921237093922126, 0.4113781938880426, 0.7910304743735517
3.207731220112579, 2.73182844448648, 2.664379687765316, 3.7419291715305505, 2.403769631702247, 1.955966738888251, 1.51945912054629, 1.3454066196198422, 1.6449789678267093, 1.2420163295760742, 2.366975712016099, 3.1543238688849287, 0.9121488518116144, 0.6553803208437382, 0.6183468650980436, 0.6556708118941929, 0.4905569620076603, 0.49307724767562705, 0.7347596600680826, 0.6547271421417914, 1.8242237684241192, 1.3436180459809288, 0.4529326124166465, 0.34767609318898884, 0.3679031175533982
0.2103825136612022, 0.32181889149102266, 0.44067135050741607, 0.5179547228727557, 0.5101483216237315, 0.5909445745511319, 0.6315378610460578, 0.695160031225605, 0.7066744730679156, 0.7308743169398907, 0.8239656518345043, 0.8019125683060109, 0.8216237314597971, 0.8594847775175644, 0.8307962529274004, 0.9264246682279469, 0.8791959406713505, 0.8592896174863388, 0.927400468384075, 0.9065183450429352, 0.9484777517564403, 0.884855581576893, 0.9184231069476971, 0.9592115534738486, 0.8741217798594848
0.36987638256343525, 0.2615484710474951, 0.4089134677944047, 0.4362394274560833, 0.43233571893298633, 0.5917371502927782, 0.6785946649316851, 0.7010409889394925, 0.6330513988288874, 0.7703318152244633, 0.6275211450878334, 0.5985686402081978, 0.8044892648015615, 0.9118412491867274, 0.9202992843201041, 0.9027325959661678, 0.9508783344176968, 0.9479505530253741, 0.896551724137931, 0.9102147039687704, 0.8061158100195186, 0.7677293428757319, 0.940793754066363, 0.9726740403383214, 0.97234873129473
3.8723757497785987, 2.7282992425512096, 2.520317253147039, 2.1412537196574037, 2.0338539799892, 1.8095227198894837, 1.57112340011418, 1.4720482572180327, 1.33074232714889, 1.2501140904556858, 1.0919530270715694, 0.9710446628716474, 0.9357091813790993, 0.822269171499629, 0.9062364830531523, 0.6221175163542266, 0.6228132772315396, 0.7712576159455644, 0.5374706452196227, 0.6903359223212422, 0.5367315193575681, 0.6491506901874289, 0.45657506794505154, 0.5192820580093122, 0.4103522509173617
2.9153975829259093, 3.151037727305078, 2.262078743284991, 2.773503144220167, 2.218029595228008, 1.5353517484261607, 2.000113012151588, 1.4115681456681886, 1.7551659369670345, 1.2985456405169946, 1.1812440854198527, 1.665341906991188, 0.7769245599180208, 0.5972676659530064, 0.7417406213306806, 0.7545263322049639, 0.589812461439479, 0.6134227039601482, 1.6845370082011375, 0.9176013161783957, 0.4286519742741085, 0.7247045540778607, 0.35410395386782106, 0.5047674991321316, 0.4208585794823621
0.234192037470726, 0.4143247462919594, 0.4498438719750195, 0.5183450429352069, 0.5322014051522248, 0.5833333333333334, 0.6553473848555815, 0.6947697111631538, 0.7295081967213115, 0.7773224043715847, 0.7903981264637002, 0.8288446526151444, 0.8356752537080406, 0.8676814988290398, 0.8454332552693209, 0.9180327868852459, 0.9115925058548009, 0.8678766588602654, 0.9252537080405933, 0.8901249024199844, 0.9383294301327089, 0.8987119437939111, 0.9447697111631538, 0.9188134270101483, 0.9556986729117877
0.3741054001301236, 0.3432010409889395, 0.46324007807417045, 0.4560832791151594, 0.4424202992843201, 0.6958360442420299, 0.6678594664931685, 0.7026675341574495, 0.6662329212752115, 0.7322706571242681, 0.7674040338321405, 0.6600520494469746, 0.9150943396226415, 0.9287573194534808, 0.874430709173715, 0.846779440468445, 0.933636955107352, 0.8741054001301236, 0.6922576447625244, 0.872804163955758, 0.9573845152895251, 0.870527000650618, 0.962914769030579, 0.9427456083279115, 0.9320104098893949
3.7050759613653534, 2.689239492088812, 2.417990862346086, 2.1037129638345795, 1.8967237663306267, 1.8482285874788877, 1.599743548731242, 1.4692126384570579, 1.3371627666725021, 1.2290187836810074, 1.0422128624370748, 0.9971699206788125, 0.8805739130478739, 0.8907781134909899, 0.6909262645440023, 0.834531192291909, 0.5816585075845949, 0.6651077415913367, 0.48472889273730596, 0.7246929971060653, 0.4315869887064994, 0.6568087485970043, 0.3993852678730002, 0.3901979322548865, 0.7968096381095496
2.895298789675234, 2.794921963418081, 2.497759273630811, 2.103032419568312, 2.7030612935318756, 2.492871943742483, 1.6481288717253766, 1.9210967262146452, 1.2663362540047745, 1.1267808667234422, 0.8719994711775088, 0.8482123065398123, 1.2116361237340108, 1.0938072450841954, 0.5618905121037614, 0.7741864815732451, 0.6300472156444616, 0.4096487793118906, 0.4089226199964773, 0.3845398618597913, 0.3845839259410416, 0.527013134087691, 0.35442129927326815, 0.3170735814894029, 0.3341033573498102
0.21662763466042154, 0.3709992193598751, 0.47287275565964093, 0.5335675253708041, 0.5952380952380952, 0.6046057767369243, 0.6479313036690086, 0.6754488680718189, 0.7168227946916471, 0.7431693989071039, 0.7999609679937549, 0.8040593286494926, 0.834504293520687, 0.8341139734582358, 0.892271662763466, 0.8629976580796253, 0.9234972677595629, 0.8957845433255269, 0.9439890710382514, 0.8811475409836066, 0.9597970335675253, 0.8961748633879781, 0.9590163934426229, 0.9648711943793911, 0.892271662763466
0.27878985035783993, 0.2111255692908263, 0.477878985035784, 0.5836044242029929, 0.5640858815875082, 0.49544567338972023, 0.5949902407286922, 0.6324007807417046, 0.7540663630448926, 0.7446324007807417, 0.8386467143786597, 0.8142485361093038, 0.7836694860117112, 0.8054651919323357, 0.9196486662329213, 0.8461288223812622, 0.9069616135328562, 0.9648666232921275, 0.9625894599869876, 0.9821080026024723, 0.9687703318152244, 0.9277813923227066, 0.9729993493819128, 0.9690956408588158, 0.9664931685100846
3.8724128457366445, 2.890598727984879, 2.3844282074331957, 2.154099077195697, 1.8921805767227577, 1.8640287548745638, 1.5783253129248875, 1.5063409014756934, 1.355763268694107, 1.4034308300271432, 1.065064242907933, 0.9548987308858802, 0.8486962295155521, 0.8675802133448137, 0.8999692589440074, 0.7969963964449996, 0.7220102481829013, 0.7701819339922682, 0.5485585705550922, 0.7392812497814961, 0.46224090787324007, 0.6900631499234631, 0.3907838127372974, 0.6479904554859909, 0.6852703606077324
3.4071252083886967, 2.6137784217655775, 2.341902842828804, 2.0269346390750864, 2.2306562180478773, 1.8325295811282711, 2.0107619925296065, 2.2629910264607753, 1.6588686095791818, 1.6120144701965768, 0.8319177318875791, 0.9672360820435205, 1.61040092732275, 1.3076703658178401, 1.6261479147239095, 0.8135629215252889, 0.6149867587688299, 0.9655179605518135, 1.8340875283029068, 0.4381883517440915, 0.3898144979405574, 0.4359315306083987, 0.458578939998623, 2.043710759904529, 0.354235528833151
0.2228727556596409, 0.33099141295862605, 0.4644808743169399, 0.49882903981264637, 0.5813817330210773, 0.5796252927400468, 0.6491022638563623, 0.6670569867291178, 0.7379000780640125, 0.7328259172521467, 0.8243559718969555, 0.8444574551131928, 0.8729508196721312, 0.8731459797033567, 0.8643637782982045, 0.8889539422326308, 0.900663544106167, 0.87743950039032, 0.9420374707259953, 0.8950039032006245, 0.9551131928181108, 0.8992974238875878, 0.9715066354410616, 0.9215456674473068, 0.9192037470725996
0.08978529603122967, 0.42778139232270657, 0.36987638256343525, 0.560832791151594, 0.43070917371502926, 0.5891346779440468, 0.4651919323357189, 0.594014313597918, 0.6428106701366298, 0.660377358490566, 0.8897202342225113, 0.8057905009759271, 0.7186076772934288, 0.7895250487963565, 0.7615484710474951, 0.8880936890045543, 0.9238776837996097, 0.8331164606376057, 0.7599219258295381, 0.9586857514638907, 0.9603122966818478, 0.9560832791151594, 0.9365647364996746, 0.6971372804163956, 0.976252439817827