0.9971713110155227	0.0	0.0	0.0	0.0	0.0	0.0	0.0	0.0	0.0	
0.0	0.9998491931835319	0.9945841600085795	0.9942829919009052	0.9993472584856397	1.0	0.9994034599323921	1.0	0.9997284084736556	0.9989440337909187	
0.9962554362729285	0.0	0.0	0.0	0.0	0.0	0.0	0.0	0.0	0.0	
0.9995324481017392	0.0	0.0	0.0	0.0	0.0	0.0	0.0	0.0	0.0	
0.0	1.0	0.9999463778218671	0.9990471653168176	0.9967362924281984	1.0	1.0	0.9992481203007518	0.9986420423682781	0.9989440337909187	
0.9993803996029589	0.0	0.0	0.0	0.0	0.0	0.0	0.0	0.0	0.0	
0.999392182532261	0.0	0.0	0.0	0.0	0.0	0.0	0.0	0.0	0.0	
0.0	0.9998491931835319	0.9999463778218671	1.0	0.9973890339425587	1.0	0.9982103798031025	1.0	0.9994568169473113	0.9947201689545935	
0.9991944897809828	0.0	0.0	0.0	0.0	0.0	0.0	0.0	0.0	0.0	
0.9997194688610436	0.0	0.0	0.0	0.0	0.0	0.0	0.0	0.0	0.0	
0.0	1.0	0.9999463778218671	0.9985707479752263	0.9973890339425587	1.0	1.0	1.0	1.0	1.0	
0.9996282618510451	0.0	0.0	0.0	0.0	0.0	0.0	0.0	0.0	0.0	
0.9995558256966524	0.0	0.0	0.0	0.0	0.0	0.0	0.0	0.0	0.0	
0.0	1.0	0.9997855112874685	0.9990471653168176	0.9973890339425587	1.0	1.0	0.9977443609022556	0.9997284084736556	0.9989440337909187	
0.9994114330539949	0.0	0.0	0.0	0.0	0.0	0.0	0.0	0.0	0.0	
0.9995558256966524	0.0	0.0	0.0	0.0	0.0	0.0	0.0	0.0	0.0	
0.0	0.9998491931835319	0.9998927556437343	0.9995235826584088	0.9993472584856397	1.0	0.9990057665776912	0.9977443609022556	0.9989136338946225	0.9989440337909187	
0.9994114129828456	0.0	0.0	0.0	0.0	0.0	0.0	0.0	0.0	0.0	
0.9995558256966524	0.0	0.0	0.0	0.0	0.0	0.0	0.0	0.0	0.0	
0.0	1.0	0.9996782669312028	0.9990471653168176	0.9983681462140992	1.0	1.0	1.0	0.9994568169473113	0.9957761351636748	
0.9994114644650319	0.0	0.0	0.0	0.0	0.0	0.0	0.0	0.0	0.0
0.9971713110155227	0.0	0.0	0.0	0.0	0.0	0.0	0.0	0.0	0.0	
0.0	0.9998491931835319	0.9945841600085795	0.9942829919009052	0.9993472584856397	1.0	0.9994034599323921	1.0	0.9997284084736556	0.9989440337909187	
0.9962554362729285	0.0	0.0	0.0	0.0	0.0	0.0	0.0	0.0	0.0
0.9971713110155227	0.0	0.0	0.0	0.0	0.0	0.0	0.0	0.0	0.0	
0.0	0.9998491931835319	0.9945841600085795	0.9942829919009052	0.9993472584856397	1.0	0.9994034599323921	1.0	0.9997284084736556	0.9989440337909187	
0.9962554362729285	0.0	0.0	0.0	0.0	0.0	0.0	0.0	0.0	0.0
0.9971713110155227	0.0	0.0	0.0	0.0	0.0	0.0	0.0	0.0	0.0	
0.0	0.9998491931835319	0.9945841600085795	0.9942829919009052	0.9993472584856397	1.0	0.9994034599323921	1.0	0.9997284084736556	0.9989440337909187	
0.9962554362729285	0.0	0.0	0.0	0.0	0.0	0.0	0.0	0.0	0.0	
