2.510570901581214, 1.3378732591523879, 0.8595250952078187, 0.6748945551654343, 0.5510387167118725, 0.49725140046692795, 0.4713581978587614, 0.43291227684689104, 0.36301499126826453, 0.37374060549681054, 0.33504522879237153, 0.3455056765711663, 0.3221310655939625, 0.341615517164806, 0.30757913045406765, 0.2908322974982221, 0.27115676426743035, 0.2758565428048734, 0.28055383309506116, 0.2961639115400227, 0.23955735262068215, 0.2777243208381293, 0.23868963472983418, 0.23092826585990947, 0.22160500466841196
1.5700494681163468, 0.8273128189687028, 0.7610520081855434, 0.46735081491409847, 0.5450484854369816, 2.172030015625468, 0.3293511306862186, 0.30749253026589574, 0.36776289853692595, 0.4917775912962607, 0.37131437651922233, 0.48347588955497106, 0.5137469363133299, 0.22926846880354249, 0.19809858398728805, 0.19142882324400054, 0.17971300973447618, 0.17706180956801518, 0.16485623115278375, 0.19527100724038385, 0.16582014076462195, 0.24491729704503254, 0.20852706294581577, 0.2496497599817083, 0.34749015099765307
0.4629396986334133, 0.71371563704381, 0.817543599914243, 0.8560449310107376, 0.8734481225449271, 0.8927357374406093, 0.9033402307583952, 0.9140925210430676, 0.9246970147484688, 0.9307567252057071, 0.9324194505973712, 0.936779486104084, 0.9386639076860706, 0.936742536509985, 0.939513744932288, 0.9467558383659749, 0.9509311265717094, 0.9508202781770274, 0.9537392850462022, 0.9475687255071459, 0.9596511975498971, 0.9523721547511567, 0.960020691676144, 0.9603901866833345, 0.9640481818226221
0.657039044584337, 0.85053578050343, 0.8315063424776422, 0.9119965508956454, 0.8393275030200478, 0.7447345737151757, 0.9388471486416043, 0.9432811924632745, 0.8956768074445587, 0.832614854420475, 0.922712157007244, 0.9208646388399819, 0.9210493898344739, 0.9591082649243291, 0.9671141772834608, 0.9763517681197706, 0.976906022747715, 0.9791230441079467, 0.9828180804424707, 0.9694543664407548, 0.9788767091745461, 0.9540583818530578, 0.9727798986205886, 0.9648971551817499, 0.906330828516042
2.4592810956606526, 1.2970029951868556, 0.866884412883197, 0.6667940957004278, 0.5985242110929508, 0.5104387088037615, 0.46527073298232147, 0.4530651567428379, 0.398360214605509, 0.3602450988964325, 0.35598447735655636, 0.34387458077274835, 0.3171169347675672, 0.3338033880464713, 0.32450748582299277, 0.27275566492442227, 0.3126055098763944, 0.28176300215308847, 0.28373281976156883, 0.26520818175030575, 0.2607674052905233, 0.26565242802959343, 0.2543642152053451, 0.264502165283531, 0.2411632934222375
1.5655372642445908, 0.8539956325100977, 0.7588240862597473, 0.7297759879426807, 1.03861800780627, 0.36847263697201227, 0.3859538887026921, 0.6029087404471223, 0.3104332035832077, 0.4054080447711327, 0.2743647784372756, 0.3414778850623019, 0.3235899325419359, 0.204358654922857, 0.3589544975709146, 0.19313461916693944, 0.2605420019565243, 0.22780177253582365, 0.2163241491454005, 0.406489406306398, 0.31681643510293545, 0.8619082510390589, 0.3064048000892287, 0.14630536742215675, 0.2000256648372291
0.4664868459242038, 0.7066582914396675, 0.8088974279656834, 0.8533106711958768, 0.873411173109398, 0.8913316584500272, 0.9038205731736109, 0.9108040203471667, 0.918859000869168, 0.9248817620494469, 0.9285028081408204, 0.9312370675504472, 0.9421002072164585, 0.9384422113371783, 0.9410286731104015, 0.9507833288295925, 0.9393659473135032, 0.952372154416398, 0.9498965410554758, 0.9499704408427155, 0.9546260713755714, 0.9560301510532897, 0.9585796626157532, 0.9528155485765489, 0.9578037241701187
0.6279714249789325, 0.8307057517930665, 0.8161719429520847, 0.8202364820978268, 0.839881758249985, 0.935213696767227, 0.9159995067044716, 0.8650080054862582, 0.9412489218185623, 0.9049143979211411, 0.9405099152931367, 0.9451287104910503, 0.9273925355640975, 0.9701933737076596, 0.8999260992292613, 0.9698854542333573, 0.9600320240079601, 0.9536888782196055, 0.9595393519754524, 0.949809089848114, 0.9242517557809588, 0.904175391094719, 0.9282547107675507, 0.9864515328380858, 0.9721640592315012
2.757648018877287, 1.3652678006258443, 0.9382129423089046, 0.7221529131946287, 0.5673413141535614, 0.4896003101797383, 0.5012851268484717, 0.44245697364559056, 0.39994414614531687, 0.3896230595935705, 0.3677052493247625, 0.33927510748803175, 0.3220995011200681, 0.3357256246923942, 0.3195206447885194, 0.280849584572385, 0.30128327795220944, 0.27837244770758046, 0.25991840611679684, 0.2926174394044163, 0.2628359959000777, 0.2736466730042671, 0.24783522371195, 0.27047172490041566, 0.2428572802123606
1.5630566174062783, 0.8910780050936907, 0.8633915622299829, 0.4693338147656262, 0.4610428575048718, 0.43881504610777344, 0.3091096379608925, 0.3067291596132864, 0.4156674242200251, 0.33170397055312056, 0.2698694168456832, 0.4405376118881859, 0.28777140422266156, 0.2584273212354514, 0.38391299003420654, 0.28611867813468495, 0.20001680755140983, 0.29743630558799267, 0.2732533199609625, 0.30468820400140545, 0.19572088369772284, 0.481194817780538, 0.17143534387820078, 0.3426051173895535, 0.42942339174558647
0.4536284366691391, 0.7168193912668197, 0.8093408215444116, 0.8498004732877589, 0.8815770028013116, 0.8910360627191292, 0.8991279928880861, 0.90566804591911, 0.9180830625821034, 0.92377327804977, 0.9258424471970179, 0.9306458760181757, 0.9327519949357114, 0.9319760570186432, 0.9378879690466285, 0.9447236177556937, 0.9404744312955612, 0.946127696869608, 0.950007389696822, 0.9502660359745719, 0.9520765591788285, 0.9517809637650702, 0.9542565765974264, 0.9500073896087277, 0.9573972804145351
0.6657839631678979, 0.8149402637921584, 0.7867348197499349, 0.9137824855644813, 0.89118118048419, 0.9105185369418046, 0.9406330824074508, 0.9384776446264004, 0.9159379229637801, 0.9454366298038424, 0.9506712654333188, 0.8811429981410701, 0.9447592072980805, 0.9571375782772567, 0.8953073039505924, 0.9498706743082604, 0.9674836803149202, 0.945990885334776, 0.9368148785768611, 0.93798497401812, 0.9642813149704283, 0.8599581232959523, 0.9787535417372112, 0.9337972651298505, 0.9190171203717236
2.424945953115711, 1.2996913477263083, 0.8610317078420406, 0.6917396247862642, 0.5829923651361479, 0.49328843648885434, 0.4747154456322411, 0.40538424838410303, 0.3788346015698734, 0.3737428436045318, 0.32852417236772685, 0.3593840779036839, 0.3091795392512852, 0.3387260419128563, 0.30836782935910984, 0.3460110835411687, 0.26553165988829797, 0.2874553128878745, 0.2879582518414918, 0.23745298968804787, 0.2966602963965002, 0.2471848034819942, 0.24443034795554755, 0.22527435253683434, 0.262740414218546
1.4135231660319485, 0.9508537443154903, 0.862004047309931, 0.4589383267191981, 0.6505513392523719, 0.3620961840068461, 0.37723882767070266, 0.7894931311882809, 0.3574962966664405, 0.2672441967647495, 0.5552049406365612, 0.2524433474901025, 0.32269778228816265, 0.5262846327434401, 0.2110605374417262, 0.19319577618455164, 0.2937294917236424, 0.18225120216486915, 0.23044969104225815, 0.46195949424823995, 0.21474484767118307, 0.14857139218057636, 0.16119578812734323, 0.14327546738318467, 0.1944013412053956
0.4743940288450392, 0.7198492460725859, 0.8160286727932617, 0.8505025127566217, 0.8752955953256639, 0.896615430461631, 0.8997930833090348, 0.9181569617174449, 0.924179722192969, 0.9243275197941349, 0.9320869050961854, 0.9334540349331404, 0.9378510199634768, 0.9388856046163856, 0.9414351166017021, 0.9396245931507813, 0.9519287617714701, 0.9487141594532993, 0.9503029858153352, 0.9584318648207797, 0.9466449899008174, 0.9549586167181874, 0.9578037242053565, 0.9608705293628332, 0.9532219926668912
0.7661657836331803, 0.7821160245740453, 0.7303239314672703, 0.9158147556292245, 0.8530607211764538, 0.9318265800464915, 0.9278236234961861, 0.834893460079343, 0.9350905277661787, 0.9453134627482591, 0.9070698356214364, 0.9437122800356356, 0.9190171204524786, 0.8841606106483844, 0.9628033014790943, 0.9764749351753539, 0.9345978562549089, 0.975120089341596, 0.9671757606203766, 0.8887794068080185, 0.9597241042326612, 0.984049760263121, 0.9810321464343588, 0.986082030247109, 0.9582460894786103
2.4305700339616982, 1.2554710828232547, 0.8533329791900077, 0.6597654210492206, 0.5447257222277928, 0.4749184225372334, 0.47463243911684244, 0.41982328794850354, 0.42938273472085425, 0.3797136275348246, 0.37461230111234894, 0.3155524690026825, 0.342613697457236, 0.3254313304152603, 0.33128947560916877, 0.31161935006835706, 0.28368426115421935, 0.3260833568873224, 0.2730041296479267, 0.2810944505046889, 0.2725931641673534, 0.2649417243922141, 0.24957087798528055, 0.260505630733556, 0.25066807953309916
1.577971148247172, 0.9637833662346704, 0.5718613922676733, 0.438681491535129, 0.5646285592577319, 0.3459675398046475, 0.4624997885162012, 0.3674894044487064, 1.0276918474684384, 0.30330045857677934, 0.2528210808739226, 0.31122870552582405, 0.22494115833799186, 0.23300658421337875, 0.20041358413654004, 0.4950798706829819, 0.19212688631370659, 0.23127837605386228, 0.18495758956825664, 0.22686175036817985, 0.2791455880418642, 0.18620242416117194, 0.4628193644059528, 0.2494092827500168, 0.2169264167132438
0.4749482703779775, 0.7181495709634905, 0.8204626068010367, 0.8615873489477139, 0.8845329584364986, 0.9009754657569172, 0.9027120898963078, 0.9150532074944352, 0.9135752294566059, 0.9245861665299754, 0.9238841260744558, 0.9352276090190075, 0.9312740168450254, 0.936114395172188, 0.93751847432134, 0.9370750814297479, 0.9432456395240567, 0.9385900084802535, 0.9518179135177391, 0.9468666860735209, 0.9492684005281469, 0.95159621618219, 0.956288796731998, 0.953480638116554, 0.9555867568931388
0.703103830227345, 0.7864268996956636, 0.893028697990728, 0.9236974999490285, 0.8433920428265138, 0.9357063673755074, 0.8882867349957522, 0.896415815071191, 0.8343392049301609, 0.9493780027162355, 0.9578150021264905, 0.9426653522519528, 0.9605246946162405, 0.9515950239149569, 0.9716098044420466, 0.8577411007537588, 0.9736420744260348, 0.9558443152591768, 0.9747505851061506, 0.9579997538624616, 0.9519645275484093, 0.9748737527637268, 0.8810198295217736, 0.9423574325574092, 0.9568912423601114
2.505354240065385, 1.327426617187119, 0.8864586477867429, 0.664386610695148, 0.5647667875101042, 0.4850723955834226, 0.44460111674986186, 0.3924507548954936, 0.3791917002468887, 0.360300555926542, 0.34093679245005265, 0.32277628823018023, 0.3497289914704976, 0.3141870325375618, 0.30677953781794065, 0.28861940770398714, 0.2803271144690191, 0.27399348243168037, 0.2708417318283437, 0.2782554807542803, 0.23734728236576175, 0.25125489448024574, 0.2438368305295239, 0.24147785709360947, 0.2620299304074308
1.7157248314091513, 0.9633505065124865, 0.7786443833500782, 0.9679592443314191, 0.4119304519434371, 0.40537057269131965, 0.4720189004699678, 0.524593434628631, 0.2959949229610482, 0.26886752635068034, 0.36757886816104773, 0.20413456521152878, 0.2604209130283705, 0.2450324275661299, 0.2180295475951438, 0.353195559146707, 0.2600975853753128, 0.3284622280449978, 0.18691130642644846, 0.2474752178750377, 0.1777093178541118, 0.15377319644994814, 0.17004111417079298, 0.2058418049063056, 0.17793404306995705
0.48193171732248796, 0.7085427137616468, 0.8151418858119943, 0.8555276380500038, 0.8788057940794877, 0.8925140412679058, 0.9060744902032598, 0.915829145763881, 0.9177505175213894, 0.9227386933440046, 0.9276899204358454, 0.9310523208837483, 0.9319760565253147, 0.9364469404267095, 0.9375923739852476, 0.9445019209487108, 0.9444280228881204, 0.9457212536073527, 0.950968075267246, 0.9469036354914312, 0.9537762340236408, 0.9528524981001725, 0.9569169380874137, 0.9583579658263892, 0.9582840676424668
0.6270476657117672, 0.8217760814515105, 0.8201748989591282, 0.8689493773341517, 0.9232048278357657, 0.9207414700591751, 0.8747382676723277, 0.8685182903637835, 0.9407562509680164, 0.9515334403577997, 0.8664244369621243, 0.9671757600991387, 0.941864761486622, 0.9548589730588714, 0.9613868708841935, 0.9026357927614869, 0.9527035347345589, 0.9562754037932584, 0.9670525929628004, 0.9334277613936188, 0.9784456212204333, 0.9815864018037822, 0.9717329722391089, 0.9591082642415809, 0.9692696139412805
2.5917942646936027, 1.352073121099052, 0.9021358097970327, 0.6924790067853147, 0.5636800082696107, 0.5350115293058249, 0.4487882780052662, 0.41630777890182546, 0.3895478434827671, 0.3686081642076316, 0.35739998792953614, 0.3273344156730115, 0.33075458946891906, 0.34928775408935375, 0.2848709022949477, 0.2874226485558808, 0.32708006924579314, 0.2796135364579901, 0.28280070790111966, 0.2673377757801165, 0.2648354530193522, 0.28045423881668613, 0.2559876089401933, 0.24680747315089377, 0.2655592678506241
1.5296134648321298, 1.019989559018769, 0.5780092732030369, 0.5321889596849346, 0.38318384928147714, 0.49065361097904686, 0.359322272640303, 0.3578315156847257, 0.4786401190352801, 0.307563541080582, 0.2952417037341377, 0.4605157613122914, 0.29736711189640846, 0.3016024614249651, 0.2046044233405013, 0.2938347139012301, 0.19059855665372413, 0.2177597438192291, 0.16779172964864858, 0.22232145896016972, 0.6267339604830915, 0.1635267804968106, 0.21855811196046593, 0.23820229932759426, 0.17918640839479463
0.442284954059346, 0.6838604785477731, 0.8023204252700851, 0.8512415016433948, 0.8754064444603386, 0.8870455214796142, 0.9017883532857035, 0.9140555722946744, 0.9169006795351794, 0.9260271948856114, 0.9300177355789412, 0.9317174106880366, 0.9303502808334628, 0.9312001185730087, 0.9408808746635298, 0.9429130949390523, 0.9341191247374286, 0.9490467039149716, 0.9450192140680145, 0.9498965416545174, 0.9512267220735621, 0.9442432754109535, 0.9515223174520826, 0.9569538866419993, 0.9514853682984553
0.7002709689788122, 0.7351890628025705, 0.8951841354928062, 0.8854538738867056, 0.9297943102240137, 0.8583569402236013, 0.9165537621546502, 0.9398940751625702, 0.8903805893004006, 0.9411257547629791, 0.928562630843846, 0.9067003320687392, 0.9394629886326847, 0.9383544777323275, 0.9689616944082471, 0.917046434928637, 0.9714250519645964, 0.9604631118813176, 0.9766596865515974, 0.9565833226068368, 0.8667939400156079, 0.9777681982741888, 0.9581845052387051, 0.9504865125741171, 0.9670525928233142
2.522219952238829, 1.2972956459937348, 0.9110239675825177, 0.683197476421275, 0.5811424128162836, 0.49179190236930836, 0.4817392579151828, 0.41134822121957615, 0.41428632662911546, 0.38973710523214067, 0.3678865580825879, 0.3253073660475666, 0.3699358823540434, 0.3241658677742603, 0.33461704673127174, 0.3043923895545095, 0.28342646127828225, 0.27828190898775457, 0.2671713412089916, 0.2671881771029504, 0.2901225722191991, 0.26882858882280203, 0.2598935803858232, 0.24730907520210466, 0.26682982199772765
1.5099889812159382, 1.0795070160520328, 0.5701007401800784, 0.49622433129636095, 0.47352065818990186, 0.5144650881506859, 0.34619613908197305, 0.29451130176577195, 0.49679416930870784, 0.36633874083375795, 0.33405533726615616, 0.27595554871987293, 0.26870858106931483, 0.298196754776091, 0.2589257698749759, 0.4789719970990672, 0.47771609575382257, 0.37341712994636583, 0.22022087874597834, 0.19380326919814667, 0.18270821977291574, 0.1559069470729216, 0.18814079789255533, 0.17785718761937844, 0.21463691132939908
0.44893585566124056, 0.718925509691027, 0.8044265444166661, 0.854603902337962, 0.8778820573984079, 0.896984924852161, 0.9007907183502258, 0.9117647061113983, 0.9185634054554097, 0.9197827374092968, 0.9247339640606659, 0.9333062366624574, 0.9218149569624456, 0.9359296482235872, 0.9408069763562752, 0.9387747562921791, 0.9436151343022019, 0.9476426249067705, 0.9487141588718765, 0.9507094293771113, 0.9482707657336202, 0.9536653860694305, 0.9507833283891207, 0.9551064140198324, 0.951854862318989
0.5769799241204466, 0.781500184641696, 0.9033748004101433, 0.8966621507680949, 0.8743687641196304, 0.8992486762609927, 0.9349057761696938, 0.9446976225369375, 0.8916738508942533, 0.9150141642619007, 0.923820667826846, 0.9243133385966367, 0.9577534181875818, 0.9554132276060605, 0.9494395858329099, 0.8638379113077163, 0.9268998645520413, 0.9063924122934404, 0.9616947899767442, 0.9663135859968921, 0.9679147672852884, 0.9826949135263736, 0.9716098047430431, 0.9724103959488566, 0.9579381691820736
2.4620498269399946, 1.3663223038014314, 0.8879416930298463, 0.7107983955856332, 0.5783531765172442, 0.5039273893343356, 0.5030507819384046, 0.41232665508166244, 0.42162802946697914, 0.3772574129222308, 0.36431801451263857, 0.3433046723448099, 0.3457241237753776, 0.30924443106414506, 0.3196674457693678, 0.3093246879519142, 0.2957145881712736, 0.29684364056573126, 0.27940386042170645, 0.2648203198572534, 0.2876056631641067, 0.23920162493859104, 0.25542590500439477, 0.25682641223112646, 0.24482863080367653
1.5354554307829322, 0.8690041983005727, 0.7215634815680274, 0.7448321665532924, 0.4238878431718387, 0.4012408033756658, 0.6292626252387571, 0.355423218416366, 0.871767284703058, 0.3806420557897422, 0.3131816499242643, 0.5280143056307568, 0.21813395408878392, 0.3198491621779491, 0.20994300227408075, 0.44570092650407755, 0.18732269205201624, 0.19666983502327273, 0.2173458820479391, 0.18421241867893184, 0.17469076825848853, 0.1766117204695092, 0.22360963564609745, 0.28061832181631247, 0.18176746797878793
0.4437998819027009, 0.6609148680723316, 0.7994753180471991, 0.842669228389705, 0.8708616613883645, 0.8965045813093374, 0.8992388410889606, 0.9105453742279866, 0.9154966010907822, 0.920041383493239, 0.9303872301456599, 0.9276529708065085, 0.9334909839986733, 0.9393659469787446, 0.9386639081617801, 0.9426544486613024, 0.9437259824854575, 0.9435781847433405, 0.9493422994344431, 0.9523721552092473, 0.9515962160764768, 0.9586166128969883, 0.9553650610199561, 0.9541087788200717, 0.9581362692132138
0.6382559423141841, 0.8531838891937574, 0.8433304595703532, 0.8094592926272883, 0.9239438354844222, 0.8950609681142024, 0.8321837661653658, 0.9052223180341433, 0.8421603642685804, 0.9272693685672453, 0.9347826090333555, 0.8905653404343787, 0.9620642939111931, 0.9271462006086727, 0.9643428997315713, 0.9450055428334742, 0.9709323814958022, 0.9667446728277741, 0.9594161845381176, 0.9732725703520998, 0.9807858109797203, 0.9756127598103903, 0.95387362965458, 0.9581845055397016, 0.9711787166494442
2.623101735587237, 1.3541474442245196, 0.9504245417448602, 0.7105064574973737, 0.581255035959966, 0.4988829826871707, 0.47101446064731406, 0.41428550986224577, 0.45329714334120313, 0.3615705277434898, 0.3563739268729717, 0.3402054265973979, 0.3335342995873084, 0.34901978180777066, 0.31008081985161284, 0.2888333544095451, 0.2872816184780635, 0.27030871241641685, 0.2712213755305829, 0.27971421076001907, 0.24891196798721502, 0.26193249879717084, 0.2577995201944424, 0.25865720065782455, 0.25762169422956743
1.6081132666643858, 0.8967099016134721, 0.7556321747286271, 0.6477477270946933, 0.40589847029804493, 0.4075424217549373, 0.3221502636017537, 0.3134351498329782, 0.2847055642971016, 0.2411033984276884, 0.25657488834257414, 0.2500215026105268, 0.41644777228553564, 0.24655600686660026, 0.19984343739724067, 0.22093517346024763, 0.25209410560734535, 0.23433390975894122, 0.4011363505817925, 0.367801102742962, 0.2541240465796659, 0.250105685708499, 0.24146838434621432, 0.8715766462026991, 0.20064204329449725
0.4316804615520282, 0.6830845407892746, 0.785877918548708, 0.8386417380318006, 0.8728199826342588, 0.8932530298551582, 0.8982412063296715, 0.9145728641278005, 0.9115799583523294, 0.926950930756223, 0.9269139814792636, 0.9313848650811376, 0.9361513448720002, 0.9346364173281662, 0.9411395214522269, 0.9465710903778606, 0.9432086903880483, 0.9474209282935951, 0.9509680754786725, 0.9495639967347544, 0.9554389593800673, 0.9549955659070524, 0.9529633457372431, 0.9470144841503964, 0.9535914865464739
0.6184874986659601, 0.8249784459957922, 0.8393890870397116, 0.8265796278861814, 0.9241285867211795, 0.9065155809347611, 0.942480600596737, 0.9406330829507128, 0.9443897037453833, 0.9595393527976867, 0.9532577909482408, 0.9604015274211711, 0.8895799971915977, 0.9613252865048021, 0.9687153596950878, 0.9581229221220307, 0.943650696177482, 0.9531346219471926, 0.9000492674888304, 0.9374307177457071, 0.942172681944669, 0.940509914911385, 0.9378002222013937, 0.8356324672067617, 0.9531346227694268